1	1	1750	#eb2d2d
1	1751	2719	#fc8d62
1	2720	5504	#eb2d2d
2	1	1539	#eb2690
2	1540	3859	#a6c952
2	3860	7346	#eb2690
2	7347	7356	#a6c952
2	7357	7631	#eb2690
3	1	6611	#2f7ec2
4	1	905	#ffd00a
4	906	913	orange
4	914	981	#ffd00a
4	982	1789	orange
4	1790	2003	#ffd00a
4	2004	2086	orange
4	2087	2017	#ffd00a
4	2018	2071	orange
4	2072	4872	#ffd00a
5	1	4403	#00b5ef
5	4404	6668	#ffd00a
6	1	5641	#009c75
7	1	3086	#CCCC99
7	3087	3103	#CC99FF
7	3104	3236	#CCCC99
7	3237	4220	#CC99FF
7	4221	7217	#CCCC99